-1.42193562 1.62043909849 0.645243858532
0.127320158431 1.43606193117 -1.2601492503
0.435555605734 -1.54851674483 0.327005656906
-2.17891529217 -0.616896152805 -1.32684982553
1.13297884412 -0.347758677496 1.26145695122
-0.525714166091 0.478056986086 -1.40784754043
1.30186126098 -2.30497194663 -0.415862893266
0.5552635467 0.682707765481 1.58196294557
2.54609601089 -2.09759791301 -1.25998207896
-0.821049551405 1.46061370241 0.983219946395
-1.02869396515 -0.0229284763434 2.88984586649
-1.04719799661 -0.665144095023 0.497220497501
5.62091725846 -1.85741742324 -0.723685972377
-0.26095256734 0.552939291943 -1.34670376826
4.33709916817 -1.14089931505 -0.719429020193
1.66331647338 -1.5655418641 1.97843750057
-1.56397988654 -1.35912275038 3.25242115309
0.488117936536 0.284730437415 -0.380070797385
0.708130619777 1.14204584489 0.0575866473997
-1.23975457616 2.58426778586 -1.38255390874
-0.315595506437 2.2976834755 -1.04586691815
0.313654144164 2.73171664867 -0.652480385235
4.0213490313 -1.81359299904 0.553293589407
1.03151709731 -0.425995290157 -0.235101846211
-2.78125450901 2.92624700209 -0.647164909065
2.10335932804 -0.24419843385 0.505870356631
0.563944147645 -1.61116252629 1.82748948053
-2.99330568238 -0.374433331031 2.68757177346
-2.36468140758 -0.361027850668 -0.762183335464
0.457897935393 0.777168846028 -1.77208103455
-0.577874846199 -1.40466114003 1.61192915615
0.480958779169 2.77897889262 -0.102273141446
-0.502162318684 2.32191811584 0.610233101127
-2.09559331885 -0.685923274632 3.79733666739
1.21445950152 0.32697602495 2.71180424983
0.2445775358 1.36551121494 1.42688550458
2.76198269306 -0.886107001678 0.354057095543
2.63649035449 -0.617042345584 -2.93329095717
1.86977306886 -1.97658989026 -1.57295228659
2.67204288781 -0.219000498906 -1.62057080061
2.53368921561 -0.882256150388 -2.08929803205
-0.37858299221 -0.797684061582 -0.469764572798
-1.67845822619 -1.35778253388 0.276142629361
-0.23927037552 -0.135472676157 0.103382565564
1.46343534155 -2.49519296762 -1.54805545814
2.93484757115 -1.11926194904 -2.36967388288
-0.23599591289 -0.468035333411 -1.36190269787
-1.44617614738 0.16691408488 -0.590005609949
